<!DOCTYPE html>
<html>
<head>
<meta charset="utf-8"/>
<script src="lib/htmlwidgets-0.9/htmlwidgets.js"></script>
<script src="lib/plotly-binding-4.7.1/plotly.js"></script>
<script src="lib/typedarray-0.1/typedarray.min.js"></script>
<script src="lib/jquery-1.11.3/jquery.min.js"></script>
<link href="lib/crosstalk-1.0.0/css/crosstalk.css" rel="stylesheet" />
<script src="lib/crosstalk-1.0.0/js/crosstalk.min.js"></script>
<link href="lib/plotlyjs-1.29.2/plotly-htmlwidgets.css" rel="stylesheet" />
<script src="lib/plotlyjs-1.29.2/plotly-latest.min.js"></script>

</head>
<body style="background-color:white;">
<div id="htmlwidget_container">
  <div id="2ee2ac4af8e" style="width:100%;height:400px;" class="plotly html-widget"></div>
</div>
<script type="application/json" data-for="2ee2ac4af8e">{"x":{"visdat":{"2ee27e708f53":["function () ","plotlyVisDat"]},"cur_data":"2ee27e708f53","attrs":{"2ee27e708f53":{"x":[-20,-19,-18,-17,-16,-15,-14,-13,-12,-11,-10,-9,-8,-7,-6,-5,-4,-3,-2,-1,0,1,2,3,4,5,6,7,8,9,10,11,12,13,14,15,16,17,18,19,20],"y":[-20,-19,-18,-17,-16,-15,-14,-13,-12,-11,-10,-9,-8,-7,-6,-5,-4,-3,-2,-1,0,1,2,3,4,5,6,7,8,9,10,11,12,13,14,15,16,17,18,19,20],"z":[[6.16500800322612e-07,9.13600105252621e-07,1.33594335481639e-06,1.92765519956069e-06,2.74460639567381e-06,3.85602814264735e-06,5.34576330615026e-06,7.31288364259249e-06,9.87136039373194e-06,1.31484560593158e-05,1.72815191818186e-05,2.24129221701922e-05,2.86829922275193e-05,3.62209497975892e-05,4.51340827025496e-05,5.54956334895173e-05,6.73321392810472e-05,8.06112062434058e-05,9.52308878893076e-05,0.000111011930234406,0.000127694114709204,0.000144937750274954,0.000162331034825119,0.000179403538789847,0.000195645498758898,0.000210532003064286,0.000223550575071059,0.00023423018813078,0.000242169446945778,0.000247061594287621,0.000248714174061457,0.000247061594287621,0.000242169446945778,0.00023423018813078,0.000223550575071059,0.000210532003064286,0.000195645498758898,0.000179403538789847,0.000162331034825119,0.000144937750274954,0.000127694114709204],[9.13600105252621e-07,1.34487939756122e-06,1.95352938010507e-06,2.80005112271243e-06,3.96023886064785e-06,5.52695856022892e-06,7.61132808562553e-06,1.03429418662672e-05,1.38687440007586e-05,1.83501486470797e-05,2.39580489817879e-05,3.08654574004726e-05,3.92376864946323e-05,4.9220211490418e-05,6.09246390579004e-05,7.44135221852323e-05,8.96850727158876e-05,0.000106659090189132,0.000125165601827042,0.000144937750274954,0.000165610339256517,0.000186725136100715,0.000207743540749293,0.000228066596251246,0.000247061594287621,0.000264093799662299,0.000278561169705474,0.000289929466701092,0.000297764927640876,0.000301761712698349,0.00030176171269835,0.000297764927640876,0.000289929466701092,0.000278561169705474,0.000264093799662299,0.000247061594287621,0.000228066596251246,0.000207743540749293,0.000186725136100715,0.000165610339256517,0.000144937750274954],[1.33594335481639e-06,1.95352938010507e-06,2.81878049206035e-06,4.01339563645642e-06,5.63861052941789e-06,7.81702730134646e-06,1.06935170548886e-05,1.44347381805056e-05,1.92267846703906e-05,2.52704991815853e-05,3.27740706936607e-05,4.1942697513163e-05,5.29653367036854e-05,6.59988735941881e-05,8.11504096326111e-05,9.84587496443141e-05,0.000117876524625436,0.000139254659798673,0.000162331034825119,0.000186725136100715,0.000211940238654332,0.000237374170611682,0.000262339030062358,0.00028608939782731,0.000307857703663625,0.000326894560885568,0.000342511194483918,0.00035412065030062,0.000361274361967839,0.00036369090390393,0.000361274361967839,0.00035412065030062,0.000342511194483918,0.000326894560885568,0.000307857703663625,0.00028608939782731,0.000262339030062358,0.000237374170611682,0.000211940238654332,0.000186725136100715,0.000162331034825119],[1.92765519956069e-06,2.80005112271243e-06,4.01339563645642e-06,5.6763268476515e-06,7.92195227743218e-06,1.09095404289963e-05,1.48248428100084e-05,1.98784787192945e-05,2.63018078174139e-05,3.4339776321074e-05,4.42403679859565e-05,5.62405302120535e-05,7.0548776920097e-05,8.73250772331603e-05,0.000106659090189132,0.000128548252770665,0.000152877611298327,0.000179403538789847,0.000207743540749293,0.000237374170611682,0.000267638630010937,0.000297764927640876,0.000326894560885568,0.000354120650300621,0.000378533411258978,0.000399269918293191,0.000415564432770467,0.000426795229412099,0.000432523938998651,0.000432523938998651,0.000426795229412099,0.000415564432770467,0.000399269918293191,0.000378533411258978,0.000354120650300621,0.000326894560885568,0.000297764927640876,0.000267638630010937,0.000237374170611682,0.000207743540749293,0.000179403538789847],[2.74460639567381e-06,3.96023886064785e-06,5.63861052941789e-06,7.92195227743218e-06,1.09825136723966e-05,1.50238310209164e-05,2.02800506271176e-05,2.70126247969503e-05,3.55037269375075e-05,4.60458516540195e-05,5.89272918128561e-05,7.44135221852323e-05,9.27249584360658e-05,0.000114012072486586,0.000138329383082683,0.000165610339256517,0.000195645498758898,0.000228066596251246,0.000262339030062358,0.000297764927640876,0.000333498269062915,0.000368572588196901,0.000401940610163268,0.000432523938998651,0.000459269725684523,0.000481210277431239,0.00049752095440867,0.000507571544379115,0.000510966659149722,0.000507571544379115,0.00049752095440867,0.000481210277431239,0.000459269725684523,0.000432523938998651,0.000401940610163268,0.000368572588196901,0.000333498269062915,0.000297764927640876,0.000262339030062358,0.000228066596251246,0.000195645498758898],[3.85602814264735e-06,5.52695856022892e-06,7.81702730134646e-06,1.09095404289963e-05,1.50238310209164e-05,2.04157026355788e-05,2.7375204957102e-05,3.62209497975892e-05,4.72902593928374e-05,6.09246390579004e-05,7.74503956359941e-05,9.71546794366093e-05,0.000120257788380567,0.000146883194418266,0.000177027367947359,0.000210532003064286,0.000247061594287621,0.00028608939782731,0.000326894560885568,0.000368572588196901,0.000410060349099738,0.000450175575805927,0.000487669379453689,0.000521288870373541,0.000549845689945702,0.000572285318238734,0.000587751560109536,0.000595640725134994,0.000595640725134994,0.000587751560109536,0.000572285318238734,0.000549845689945702,0.000521288870373541,0.000487669379453689,0.000450175575805927,0.000410060349099738,0.000368572588196901,0.000326894560885568,0.00028608939782731,0.000247061594287621,0.000210532003064286],[5.34576330615026e-06,7.61132808562553e-06,1.06935170548886e-05,1.48248428100084e-05,2.02800506271176e-05,2.7375204957102e-05,3.64632294979093e-05,4.79250185083679e-05,6.21553984075163e-05,7.95435238601851e-05,0.000100447748324488,0.000125165601827042,0.000153900200216011,0.000186725136100715,0.000223550575071059,0.000264093799662299,0.000307857703663625,0.000354120650300621,0.000401940610163268,0.000450175575805927,0.00049752095440867,0.00054256307275136,0.000583846248544795,0.000619949284268268,0.00064956593128665,0.000671583042262162,0.000685149919655103,0.000689732845230937,0.000685149919655103,0.000671583042262162,0.00064956593128665,0.000619949284268268,0.000583846248544795,0.00054256307275136,0.00049752095440867,0.000450175575805927,0.000401940610163268,0.000354120650300621,0.000307857703663625,0.000264093799662299,0.000223550575071059],[7.31288364259249e-06,1.03429418662672e-05,1.44347381805056e-05,1.98784787192945e-05,2.70126247969503e-05,3.62209497975892e-05,4.79250185083679e-05,6.25711520358337e-05,8.06112062434058e-05,0.000102476927443313,0.000128548252770665,0.000159116664972095,0.000194345533466164,0.00023423018813078,0.000278561169705474,0.000326894560885568,0.000378533411258978,0.000432523938998651,0.000487669379453689,0.00054256307275136,0.000595640725134994,0.000645249894519274,0.000689732845230937,0.000727517224552405,0.000757207765724686,0.000777671611428766,0.000788110000868399,0.000788110000868399,0.000777671611428766,0.000757207765724686,0.000727517224552405,0.000689732845230937,0.000645249894519274,0.000595640725134994,0.00054256307275136,0.000487669379453689,0.000432523938998651,0.000378533411258978,0.000326894560885568,0.000278561169705474,0.00023423018813078],[9.87136039373194e-06,1.38687440007586e-05,1.92267846703906e-05,2.63018078174139e-05,3.55037269375075e-05,4.72902593928374e-05,6.21553984075163e-05,8.06112062434058e-05,0.000103162389293691,0.00013027370693986,0.000162331034825119,0.000199597800004031,0.000242169446945778,0.000289929466701092,0.000342511194483918,0.000399269918293191,0.000459269725684523,0.000521288870373541,0.000583846248544795,0.000645249894519274,0.000703666372965069,0.000757207765724686,0.000804030878974429,0.000842441599558728,0.000870996253204328,0.000888591544677339,0.000894535278741589,0.000888591544677339,0.000870996253204328,0.000842441599558728,0.000804030878974429,0.000757207765724686,0.000703666372965069,0.000645249894519274,0.000583846248544795,0.000521288870373541,0.000459269725684523,0.000399269918293191,0.000342511194483918,0.000289929466701092,0.000242169446945778],[1.31484560593158e-05,1.83501486470797e-05,2.52704991815853e-05,3.4339776321074e-05,4.60458516540195e-05,6.09246390579004e-05,7.95435238601851e-05,0.000102476927443313,0.00013027370693986,0.000163416857110009,0.000202276925147751,0.000247061594287621,0.000297764927640876,0.000354120650300621,0.000415564432770467,0.000481210277431239,0.000549845689945702,0.000619949284268268,0.000689732845230937,0.000757207765724686,0.000820273380152602,0.000876822293448594,0.000924855653556431,0.000962599728794277,0.000988614375257897,0.00100188416896375,0.00100188416896375,0.000988614375257897,0.000962599728794277,0.000924855653556431,0.000876822293448594,0.000820273380152602,0.000757207765724686,0.000689732845230937,0.000619949284268268,0.000549845689945702,0.000481210277431239,0.000415564432770467,0.00035412065030062,0.000297764927640876,0.000247061594287621],[1.72815191818186e-05,2.39580489817879e-05,3.27740706936607e-05,4.42403679859565e-05,5.89272918128561e-05,7.74503956359941e-05,0.000100447748324488,0.000128548252770665,0.000162331034825119,0.000202276925147751,0.000248714174061457,0.000301761712698349,0.000361274361967839,0.000426795229412099,0.00049752095440867,0.000572285318238734,0.00064956593128665,0.000727517224552405,0.000804030878974429,0.000876822293448594,0.000943538977089592,0.00100188416896375,0.00104974687408894,0.00108532816354671,0.00110725324681913,0.00111465959552939,0.00110725324681913,0.00108532816354671,0.00104974687408894,0.00100188416896375,0.000943538977089592,0.000876822293448594,0.000804030878974429,0.000727517224552405,0.00064956593128665,0.000572285318238734,0.00049752095440867,0.000426795229412099,0.000361274361967839,0.00030176171269835,0.000248714174061457],[2.24129221701922e-05,3.08654574004726e-05,4.1942697513163e-05,5.62405302120535e-05,7.44135221852323e-05,9.71546794366093e-05,0.000125165601827042,0.000159116664972095,0.000199597800004031,0.000247061594287621,0.000301761712698349,0.00036369090390393,0.000432523938998651,0.000507571544379115,0.000587751560109536,0.000671583042262162,0.000757207765724686,0.000842441599558728,0.000924855653556431,0.00100188416896375,0.00107095316763444,0.00112962124615385,0.00117572196375356,0.00120749632469679,0.00122370408732934,0.00122370408732934,0.00120749632469679,0.00117572196375356,0.00112962124615385,0.00107095316763444,0.00100188416896375,0.000924855653556431,0.000842441599558728,0.000757207765724686,0.000671583042262162,0.000587751560109536,0.000507571544379115,0.000432523938998651,0.00036369090390393,0.000301761712698349,0.000247061594287621],[2.86829922275193e-05,3.92376864946323e-05,5.29653367036854e-05,7.0548776920097e-05,9.27249584360658e-05,0.000120257788380567,0.000153900200216011,0.000194345533466164,0.000242169446945778,0.000297764927640876,0.000361274361967839,0.000432523938998651,0.000510966659149722,0.000595640725134994,0.000685149919655103,0.000777671611428766,0.000870996253204328,0.000962599728794277,0.00104974687408894,0.00112962124615385,0.00119947312292027,0.00125677518454213,0.00129937372208323,0.00132562281246486,0.00133448982173812,0.00132562281246486,0.00129937372208323,0.00125677518454213,0.00119947312292027,0.00112962124615385,0.00104974687408894,0.000962599728794277,0.000870996253204328,0.000777671611428766,0.000685149919655103,0.000595640725134994,0.000510966659149722,0.000432523938998651,0.000361274361967839,0.000297764927640876,0.000242169446945778],[3.62209497975892e-05,4.9220211490418e-05,6.59988735941881e-05,8.73250772331603e-05,0.000114012072486586,0.000146883194418266,0.000186725136100715,0.00023423018813078,0.000289929466701092,0.000354120650300621,0.000426795229412099,0.000507571544379115,0.000595640725134994,0.000689732845230937,0.000788110000868399,0.000888591544677339,0.000988614375257897,0.00108532816354671,0.00117572196375356,0.00125677518454213,0.00132562281246486,0.00137972250572864,0.00141701006371434,0.00143603004935809,0.00143603004935809,0.00141701006371434,0.00137972250572864,0.00132562281246486,0.00125677518454213,0.00117572196375356,0.00108532816354671,0.000988614375257897,0.000888591544677339,0.000788110000868399,0.000689732845230937,0.000595640725134994,0.000507571544379115,0.000426795229412099,0.00035412065030062,0.000289929466701092,0.00023423018813078],[4.51340827025496e-05,6.09246390579004e-05,8.11504096326111e-05,0.000106659090189132,0.000138329383082683,0.000177027367947359,0.000223550575071059,0.000278561169705474,0.000342511194483918,0.000415564432770467,0.00049752095440867,0.000587751560109536,0.000685149919655103,0.000788110000868399,0.000894535278741589,0.00100188416896375,0.00110725324681913,0.00120749632469679,0.00129937372208323,0.00137972250572864,0.00144563556583277,0.00149463554743593,0.00152482918834576,0.00153502867678701,0.00152482918834576,0.00149463554743593,0.00144563556583277,0.00137972250572864,0.00129937372208323,0.00120749632469679,0.00110725324681913,0.00100188416896375,0.000894535278741589,0.000788110000868399,0.000685149919655103,0.000587751560109536,0.00049752095440867,0.000415564432770467,0.000342511194483918,0.000278561169705474,0.000223550575071059],[5.54956334895173e-05,7.44135221852323e-05,9.84587496443141e-05,0.000128548252770665,0.000165610339256517,0.000210532003064286,0.000264093799662299,0.000326894560885568,0.000399269918293191,0.000481210277431239,0.000572285318238734,0.000671583042262162,0.000777671611428766,0.000888591544677339,0.00100188416896375,0.00111465959552939,0.00122370408732934,0.00132562281246486,0.00141701006371434,0.00149463554743593,0.00155563278126225,0.00159767438549421,0.00161911935942462,0.00161911935942462,0.00159767438549421,0.00155563278126225,0.00149463554743593,0.00141701006371434,0.00132562281246486,0.00122370408732934,0.00111465959552939,0.00100188416896375,0.000888591544677339,0.000777671611428766,0.000671583042262162,0.000572285318238734,0.000481210277431239,0.000399269918293191,0.000326894560885568,0.000264093799662299,0.000210532003064286],[6.73321392810472e-05,8.96850727158876e-05,0.000117876524625436,0.000152877611298327,0.000195645498758898,0.000247061594287621,0.000307857703663625,0.000378533411258978,0.000459269725684523,0.000549845689945702,0.00064956593128665,0.000757207765724686,0.000870996253204328,0.000988614375257897,0.00110725324681913,0.00122370408732934,0.00133448982173812,0.00143603004935809,0.00152482918834576,0.00159767438549421,0.00165182774014826,0.00168519687399262,0.00169646905199715,0.00168519687399262,0.00165182774014826,0.00159767438549421,0.00152482918834576,0.00143603004935809,0.00133448982173812,0.00122370408732934,0.00110725324681913,0.000988614375257897,0.000870996253204328,0.000757207765724686,0.00064956593128665,0.000549845689945702,0.000459269725684523,0.000378533411258978,0.000307857703663625,0.000247061594287621,0.000195645498758898],[8.06112062434058e-05,0.000106659090189132,0.000139254659798673,0.000179403538789847,0.000228066596251246,0.00028608939782731,0.000354120650300621,0.000432523938998651,0.000521288870373541,0.000619949284268268,0.000727517224552405,0.000842441599558728,0.000962599728794277,0.00108532816354671,0.00120749632469679,0.00132562281246486,0.00143603004935809,0.00153502867678701,0.00161911935942462,0.00168519687399262,0.00173074000016141,0.00175397106308686,0.00175397106308686,0.00173074000016141,0.00168519687399262,0.00161911935942462,0.00153502867678701,0.00143603004935809,0.00132562281246486,0.00120749632469679,0.00108532816354671,0.000962599728794277,0.000842441599558728,0.000727517224552405,0.000619949284268268,0.000521288870373541,0.000432523938998651,0.000354120650300621,0.00028608939782731,0.000228066596251246,0.000179403538789847],[9.52308878893076e-05,0.000125165601827042,0.000162331034825119,0.000207743540749293,0.000262339030062358,0.000326894560885568,0.000401940610163268,0.000487669379453689,0.000583846248544795,0.000689732845230937,0.000804030878974429,0.000924855653556431,0.00104974687408894,0.00117572196375356,0.00129937372208323,0.00141701006371434,0.00152482918834576,0.00161911935942462,0.00169646905199715,0.00175397106308686,0.00178940362892936,0.00180137283949373,0.00178940362892936,0.00175397106308686,0.00169646905199715,0.00161911935942462,0.00152482918834576,0.00141701006371434,0.00129937372208323,0.00117572196375356,0.00104974687408894,0.000924855653556431,0.000804030878974429,0.000689732845230937,0.000583846248544795,0.000487669379453689,0.000401940610163268,0.000326894560885568,0.000262339030062358,0.000207743540749293,0.000162331034825119],[0.000111011930234406,0.000144937750274954,0.000186725136100715,0.000237374170611682,0.000297764927640876,0.000368572588196901,0.000450175575805927,0.00054256307275136,0.000645249894519274,0.000757207765724686,0.000876822293448594,0.00100188416896375,0.00112962124615385,0.00125677518454213,0.00137972250572864,0.00149463554743593,0.00159767438549421,0.00168519687399262,0.00175397106308686,0.00180137283949373,0.00182555198008248,0.00182555198008248,0.00180137283949373,0.00175397106308686,0.00168519687399262,0.00159767438549421,0.00149463554743593,0.00137972250572864,0.00125677518454213,0.00112962124615385,0.00100188416896375,0.000876822293448594,0.000757207765724686,0.000645249894519274,0.00054256307275136,0.000450175575805927,0.000368572588196901,0.000297764927640876,0.000237374170611682,0.000186725136100715,0.000144937750274954],[0.000127694114709204,0.000165610339256517,0.000211940238654332,0.000267638630010937,0.000333498269062915,0.000410060349099738,0.00049752095440867,0.000595640725134994,0.000703666372965069,0.000820273380152602,0.000943538977089592,0.00107095316763444,0.00119947312292027,0.00132562281246486,0.00144563556583277,0.00155563278126225,0.00165182774014826,0.00173074000016141,0.00178940362892936,0.00182555198008248,0.00183776298473931,0.00182555198008248,0.00178940362892936,0.00173074000016141,0.00165182774014826,0.00155563278126225,0.00144563556583277,0.00132562281246486,0.00119947312292027,0.00107095316763444,0.000943538977089592,0.000820273380152602,0.000703666372965069,0.000595640725134994,0.00049752095440867,0.000410060349099738,0.000333498269062915,0.000267638630010937,0.000211940238654332,0.000165610339256517,0.000127694114709204],[0.000144937750274954,0.000186725136100715,0.000237374170611682,0.000297764927640876,0.000368572588196901,0.000450175575805927,0.00054256307275136,0.000645249894519274,0.000757207765724686,0.000876822293448594,0.00100188416896375,0.00112962124615385,0.00125677518454213,0.00137972250572864,0.00149463554743593,0.00159767438549421,0.00168519687399262,0.00175397106308686,0.00180137283949373,0.00182555198008248,0.00182555198008248,0.00180137283949373,0.00175397106308686,0.00168519687399262,0.00159767438549421,0.00149463554743593,0.00137972250572864,0.00125677518454213,0.00112962124615385,0.00100188416896375,0.000876822293448594,0.000757207765724686,0.000645249894519274,0.00054256307275136,0.000450175575805927,0.000368572588196901,0.000297764927640876,0.000237374170611682,0.000186725136100715,0.000144937750274954,0.000111011930234406],[0.000162331034825119,0.000207743540749293,0.000262339030062358,0.000326894560885568,0.000401940610163268,0.000487669379453689,0.000583846248544795,0.000689732845230937,0.000804030878974429,0.000924855653556431,0.00104974687408894,0.00117572196375356,0.00129937372208323,0.00141701006371434,0.00152482918834576,0.00161911935942462,0.00169646905199715,0.00175397106308686,0.00178940362892936,0.00180137283949373,0.00178940362892936,0.00175397106308686,0.00169646905199715,0.00161911935942462,0.00152482918834576,0.00141701006371434,0.00129937372208323,0.00117572196375356,0.00104974687408894,0.000924855653556431,0.000804030878974429,0.000689732845230937,0.000583846248544795,0.000487669379453689,0.000401940610163268,0.000326894560885568,0.000262339030062358,0.000207743540749293,0.000162331034825119,0.000125165601827042,9.52308878893076e-05],[0.000179403538789847,0.000228066596251246,0.00028608939782731,0.000354120650300621,0.000432523938998651,0.000521288870373541,0.000619949284268268,0.000727517224552405,0.000842441599558728,0.000962599728794277,0.00108532816354671,0.00120749632469679,0.00132562281246486,0.00143603004935809,0.00153502867678701,0.00161911935942462,0.00168519687399262,0.00173074000016141,0.00175397106308686,0.00175397106308686,0.00173074000016141,0.00168519687399262,0.00161911935942462,0.00153502867678701,0.00143603004935809,0.00132562281246486,0.00120749632469679,0.00108532816354671,0.000962599728794277,0.000842441599558728,0.000727517224552405,0.000619949284268268,0.000521288870373541,0.000432523938998651,0.000354120650300621,0.00028608939782731,0.000228066596251246,0.000179403538789847,0.000139254659798673,0.000106659090189132,8.06112062434058e-05],[0.000195645498758898,0.000247061594287621,0.000307857703663625,0.000378533411258978,0.000459269725684523,0.000549845689945702,0.00064956593128665,0.000757207765724686,0.000870996253204328,0.000988614375257897,0.00110725324681913,0.00122370408732934,0.00133448982173812,0.00143603004935809,0.00152482918834576,0.00159767438549421,0.00165182774014826,0.00168519687399262,0.00169646905199715,0.00168519687399262,0.00165182774014826,0.00159767438549421,0.00152482918834576,0.00143603004935809,0.00133448982173812,0.00122370408732934,0.00110725324681913,0.000988614375257897,0.000870996253204328,0.000757207765724686,0.00064956593128665,0.000549845689945702,0.000459269725684523,0.000378533411258978,0.000307857703663625,0.000247061594287621,0.000195645498758898,0.000152877611298327,0.000117876524625436,8.96850727158876e-05,6.73321392810472e-05],[0.000210532003064286,0.000264093799662299,0.000326894560885568,0.000399269918293191,0.000481210277431239,0.000572285318238734,0.000671583042262162,0.000777671611428766,0.000888591544677339,0.00100188416896375,0.00111465959552939,0.00122370408732934,0.00132562281246486,0.00141701006371434,0.00149463554743593,0.00155563278126225,0.00159767438549421,0.00161911935942462,0.00161911935942462,0.00159767438549421,0.00155563278126225,0.00149463554743593,0.00141701006371434,0.00132562281246486,0.00122370408732934,0.00111465959552939,0.00100188416896375,0.000888591544677339,0.000777671611428766,0.000671583042262162,0.000572285318238734,0.000481210277431239,0.000399269918293191,0.000326894560885568,0.000264093799662299,0.000210532003064286,0.000165610339256517,0.000128548252770665,9.84587496443141e-05,7.44135221852323e-05,5.54956334895173e-05],[0.000223550575071059,0.000278561169705474,0.000342511194483918,0.000415564432770467,0.00049752095440867,0.000587751560109536,0.000685149919655103,0.000788110000868399,0.000894535278741589,0.00100188416896375,0.00110725324681913,0.00120749632469679,0.00129937372208323,0.00137972250572864,0.00144563556583277,0.00149463554743593,0.00152482918834576,0.00153502867678701,0.00152482918834576,0.00149463554743593,0.00144563556583277,0.00137972250572864,0.00129937372208323,0.00120749632469679,0.00110725324681913,0.00100188416896375,0.000894535278741589,0.000788110000868399,0.000685149919655103,0.000587751560109536,0.00049752095440867,0.000415564432770467,0.000342511194483918,0.000278561169705474,0.000223550575071059,0.000177027367947359,0.000138329383082683,0.000106659090189132,8.11504096326111e-05,6.09246390579004e-05,4.51340827025496e-05],[0.00023423018813078,0.000289929466701092,0.00035412065030062,0.000426795229412099,0.000507571544379115,0.000595640725134994,0.000689732845230937,0.000788110000868399,0.000888591544677339,0.000988614375257897,0.00108532816354671,0.00117572196375356,0.00125677518454213,0.00132562281246486,0.00137972250572864,0.00141701006371434,0.00143603004935809,0.00143603004935809,0.00141701006371434,0.00137972250572864,0.00132562281246486,0.00125677518454213,0.00117572196375356,0.00108532816354671,0.000988614375257897,0.000888591544677339,0.000788110000868399,0.000689732845230937,0.000595640725134994,0.000507571544379115,0.000426795229412099,0.000354120650300621,0.000289929466701092,0.00023423018813078,0.000186725136100715,0.000146883194418266,0.000114012072486586,8.73250772331603e-05,6.59988735941881e-05,4.9220211490418e-05,3.62209497975892e-05],[0.000242169446945778,0.000297764927640876,0.000361274361967839,0.000432523938998651,0.000510966659149722,0.000595640725134994,0.000685149919655103,0.000777671611428766,0.000870996253204328,0.000962599728794277,0.00104974687408894,0.00112962124615385,0.00119947312292027,0.00125677518454213,0.00129937372208323,0.00132562281246486,0.00133448982173812,0.00132562281246486,0.00129937372208323,0.00125677518454213,0.00119947312292027,0.00112962124615385,0.00104974687408894,0.000962599728794277,0.000870996253204328,0.000777671611428766,0.000685149919655103,0.000595640725134994,0.000510966659149722,0.000432523938998651,0.000361274361967839,0.000297764927640876,0.000242169446945778,0.000194345533466164,0.000153900200216011,0.000120257788380567,9.27249584360658e-05,7.0548776920097e-05,5.29653367036854e-05,3.92376864946323e-05,2.86829922275193e-05],[0.000247061594287621,0.000301761712698349,0.00036369090390393,0.000432523938998651,0.000507571544379115,0.000587751560109536,0.000671583042262162,0.000757207765724686,0.000842441599558728,0.000924855653556431,0.00100188416896375,0.00107095316763444,0.00112962124615385,0.00117572196375356,0.00120749632469679,0.00122370408732934,0.00122370408732934,0.00120749632469679,0.00117572196375356,0.00112962124615385,0.00107095316763444,0.00100188416896375,0.000924855653556431,0.000842441599558728,0.000757207765724686,0.000671583042262162,0.000587751560109536,0.000507571544379115,0.000432523938998651,0.00036369090390393,0.000301761712698349,0.000247061594287621,0.000199597800004031,0.000159116664972095,0.000125165601827042,9.71546794366093e-05,7.44135221852323e-05,5.62405302120535e-05,4.1942697513163e-05,3.08654574004726e-05,2.24129221701922e-05],[0.000248714174061457,0.00030176171269835,0.000361274361967839,0.000426795229412099,0.00049752095440867,0.000572285318238734,0.00064956593128665,0.000727517224552405,0.000804030878974429,0.000876822293448594,0.000943538977089592,0.00100188416896375,0.00104974687408894,0.00108532816354671,0.00110725324681913,0.00111465959552939,0.00110725324681913,0.00108532816354671,0.00104974687408894,0.00100188416896375,0.000943538977089592,0.000876822293448594,0.000804030878974429,0.000727517224552405,0.00064956593128665,0.000572285318238734,0.00049752095440867,0.000426795229412099,0.000361274361967839,0.000301761712698349,0.000248714174061457,0.000202276925147751,0.000162331034825119,0.000128548252770665,0.000100447748324488,7.74503956359941e-05,5.89272918128561e-05,4.42403679859565e-05,3.27740706936607e-05,2.39580489817879e-05,1.72815191818186e-05],[0.000247061594287621,0.000297764927640876,0.00035412065030062,0.000415564432770467,0.000481210277431239,0.000549845689945702,0.000619949284268268,0.000689732845230937,0.000757207765724686,0.000820273380152602,0.000876822293448594,0.000924855653556431,0.000962599728794277,0.000988614375257897,0.00100188416896375,0.00100188416896375,0.000988614375257897,0.000962599728794277,0.000924855653556431,0.000876822293448594,0.000820273380152602,0.000757207765724686,0.000689732845230937,0.000619949284268268,0.000549845689945702,0.000481210277431239,0.000415564432770467,0.000354120650300621,0.000297764927640876,0.000247061594287621,0.000202276925147751,0.000163416857110009,0.00013027370693986,0.000102476927443313,7.95435238601851e-05,6.09246390579004e-05,4.60458516540195e-05,3.4339776321074e-05,2.52704991815853e-05,1.83501486470797e-05,1.31484560593158e-05],[0.000242169446945778,0.000289929466701092,0.000342511194483918,0.000399269918293191,0.000459269725684523,0.000521288870373541,0.000583846248544795,0.000645249894519274,0.000703666372965069,0.000757207765724686,0.000804030878974429,0.000842441599558728,0.000870996253204328,0.000888591544677339,0.000894535278741589,0.000888591544677339,0.000870996253204328,0.000842441599558728,0.000804030878974429,0.000757207765724686,0.000703666372965069,0.000645249894519274,0.000583846248544795,0.000521288870373541,0.000459269725684523,0.000399269918293191,0.000342511194483918,0.000289929466701092,0.000242169446945778,0.000199597800004031,0.000162331034825119,0.00013027370693986,0.000103162389293691,8.06112062434058e-05,6.21553984075163e-05,4.72902593928374e-05,3.55037269375075e-05,2.63018078174139e-05,1.92267846703906e-05,1.38687440007586e-05,9.87136039373194e-06],[0.00023423018813078,0.000278561169705474,0.000326894560885568,0.000378533411258978,0.000432523938998651,0.000487669379453689,0.00054256307275136,0.000595640725134994,0.000645249894519274,0.000689732845230937,0.000727517224552405,0.000757207765724686,0.000777671611428766,0.000788110000868399,0.000788110000868399,0.000777671611428766,0.000757207765724686,0.000727517224552405,0.000689732845230937,0.000645249894519274,0.000595640725134994,0.00054256307275136,0.000487669379453689,0.000432523938998651,0.000378533411258978,0.000326894560885568,0.000278561169705474,0.00023423018813078,0.000194345533466164,0.000159116664972095,0.000128548252770665,0.000102476927443313,8.06112062434058e-05,6.25711520358337e-05,4.79250185083679e-05,3.62209497975892e-05,2.70126247969503e-05,1.98784787192945e-05,1.44347381805056e-05,1.03429418662672e-05,7.31288364259249e-06],[0.000223550575071059,0.000264093799662299,0.000307857703663625,0.000354120650300621,0.000401940610163268,0.000450175575805927,0.00049752095440867,0.00054256307275136,0.000583846248544795,0.000619949284268268,0.00064956593128665,0.000671583042262162,0.000685149919655103,0.000689732845230937,0.000685149919655103,0.000671583042262162,0.00064956593128665,0.000619949284268268,0.000583846248544795,0.00054256307275136,0.00049752095440867,0.000450175575805927,0.000401940610163268,0.000354120650300621,0.000307857703663625,0.000264093799662299,0.000223550575071059,0.000186725136100715,0.000153900200216011,0.000125165601827042,0.000100447748324488,7.95435238601851e-05,6.21553984075163e-05,4.79250185083679e-05,3.64632294979093e-05,2.7375204957102e-05,2.02800506271176e-05,1.48248428100084e-05,1.06935170548886e-05,7.61132808562553e-06,5.34576330615026e-06],[0.000210532003064286,0.000247061594287621,0.00028608939782731,0.000326894560885568,0.000368572588196901,0.000410060349099738,0.000450175575805927,0.000487669379453689,0.000521288870373541,0.000549845689945702,0.000572285318238734,0.000587751560109536,0.000595640725134994,0.000595640725134994,0.000587751560109536,0.000572285318238734,0.000549845689945702,0.000521288870373541,0.000487669379453689,0.000450175575805927,0.000410060349099738,0.000368572588196901,0.000326894560885568,0.00028608939782731,0.000247061594287621,0.000210532003064286,0.000177027367947359,0.000146883194418266,0.000120257788380567,9.71546794366093e-05,7.74503956359941e-05,6.09246390579004e-05,4.72902593928374e-05,3.62209497975892e-05,2.7375204957102e-05,2.04157026355788e-05,1.50238310209164e-05,1.09095404289963e-05,7.81702730134646e-06,5.52695856022892e-06,3.85602814264735e-06],[0.000195645498758898,0.000228066596251246,0.000262339030062358,0.000297764927640876,0.000333498269062915,0.000368572588196901,0.000401940610163268,0.000432523938998651,0.000459269725684523,0.000481210277431239,0.00049752095440867,0.000507571544379115,0.000510966659149722,0.000507571544379115,0.00049752095440867,0.000481210277431239,0.000459269725684523,0.000432523938998651,0.000401940610163268,0.000368572588196901,0.000333498269062915,0.000297764927640876,0.000262339030062358,0.000228066596251246,0.000195645498758898,0.000165610339256517,0.000138329383082683,0.000114012072486586,9.27249584360658e-05,7.44135221852323e-05,5.89272918128561e-05,4.60458516540195e-05,3.55037269375075e-05,2.70126247969503e-05,2.02800506271176e-05,1.50238310209164e-05,1.09825136723966e-05,7.92195227743218e-06,5.63861052941789e-06,3.96023886064785e-06,2.74460639567381e-06],[0.000179403538789847,0.000207743540749293,0.000237374170611682,0.000267638630010937,0.000297764927640876,0.000326894560885568,0.000354120650300621,0.000378533411258978,0.000399269918293191,0.000415564432770467,0.000426795229412099,0.000432523938998651,0.000432523938998651,0.000426795229412099,0.000415564432770467,0.000399269918293191,0.000378533411258978,0.000354120650300621,0.000326894560885568,0.000297764927640876,0.000267638630010937,0.000237374170611682,0.000207743540749293,0.000179403538789847,0.000152877611298327,0.000128548252770665,0.000106659090189132,8.73250772331603e-05,7.0548776920097e-05,5.62405302120535e-05,4.42403679859565e-05,3.4339776321074e-05,2.63018078174139e-05,1.98784787192945e-05,1.48248428100084e-05,1.09095404289963e-05,7.92195227743218e-06,5.6763268476515e-06,4.01339563645642e-06,2.80005112271243e-06,1.92765519956069e-06],[0.000162331034825119,0.000186725136100715,0.000211940238654332,0.000237374170611682,0.000262339030062358,0.00028608939782731,0.000307857703663625,0.000326894560885568,0.000342511194483918,0.00035412065030062,0.000361274361967839,0.00036369090390393,0.000361274361967839,0.00035412065030062,0.000342511194483918,0.000326894560885568,0.000307857703663625,0.00028608939782731,0.000262339030062358,0.000237374170611682,0.000211940238654332,0.000186725136100715,0.000162331034825119,0.000139254659798673,0.000117876524625436,9.84587496443141e-05,8.11504096326111e-05,6.59988735941881e-05,5.29653367036854e-05,4.1942697513163e-05,3.27740706936607e-05,2.52704991815853e-05,1.92267846703906e-05,1.44347381805056e-05,1.06935170548886e-05,7.81702730134646e-06,5.63861052941789e-06,4.01339563645642e-06,2.81878049206035e-06,1.95352938010507e-06,1.33594335481639e-06],[0.000144937750274954,0.000165610339256517,0.000186725136100715,0.000207743540749293,0.000228066596251246,0.000247061594287621,0.000264093799662299,0.000278561169705474,0.000289929466701092,0.000297764927640876,0.00030176171269835,0.000301761712698349,0.000297764927640876,0.000289929466701092,0.000278561169705474,0.000264093799662299,0.000247061594287621,0.000228066596251246,0.000207743540749293,0.000186725136100715,0.000165610339256517,0.000144937750274954,0.000125165601827042,0.000106659090189132,8.96850727158876e-05,7.44135221852323e-05,6.09246390579004e-05,4.9220211490418e-05,3.92376864946323e-05,3.08654574004726e-05,2.39580489817879e-05,1.83501486470797e-05,1.38687440007586e-05,1.03429418662672e-05,7.61132808562553e-06,5.52695856022892e-06,3.96023886064785e-06,2.80005112271243e-06,1.95352938010507e-06,1.34487939756122e-06,9.13600105252621e-07],[0.000127694114709204,0.000144937750274954,0.000162331034825119,0.000179403538789847,0.000195645498758898,0.000210532003064286,0.000223550575071059,0.00023423018813078,0.000242169446945778,0.000247061594287621,0.000248714174061457,0.000247061594287621,0.000242169446945778,0.00023423018813078,0.000223550575071059,0.000210532003064286,0.000195645498758898,0.000179403538789847,0.000162331034825119,0.000144937750274954,0.000127694114709204,0.000111011930234406,9.52308878893076e-05,8.06112062434058e-05,6.73321392810472e-05,5.54956334895173e-05,4.51340827025496e-05,3.62209497975892e-05,2.86829922275193e-05,2.24129221701922e-05,1.72815191818186e-05,1.31484560593158e-05,9.87136039373194e-06,7.31288364259249e-06,5.34576330615026e-06,3.85602814264735e-06,2.74460639567381e-06,1.92765519956069e-06,1.33594335481639e-06,9.13600105252621e-07,6.16500800322612e-07]],"alpha":1,"sizes":[10,100],"type":"surface"}},"layout":{"margin":{"b":40,"l":60,"t":25,"r":10},"xaxis":{"domain":[0,1]},"yaxis":{"domain":[0,1]},"hovermode":"closest","showlegend":false,"legend":{"y":0.5,"yanchor":"top"}},"source":"A","config":{"modeBarButtonsToAdd":[{"name":"Collaborate","icon":{"width":1000,"ascent":500,"descent":-50,"path":"M487 375c7-10 9-23 5-36l-79-259c-3-12-11-23-22-31-11-8-22-12-35-12l-263 0c-15 0-29 5-43 15-13 10-23 23-28 37-5 13-5 25-1 37 0 0 0 3 1 7 1 5 1 8 1 11 0 2 0 4-1 6 0 3-1 5-1 6 1 2 2 4 3 6 1 2 2 4 4 6 2 3 4 5 5 7 5 7 9 16 13 26 4 10 7 19 9 26 0 2 0 5 0 9-1 4-1 6 0 8 0 2 2 5 4 8 3 3 5 5 5 7 4 6 8 15 12 26 4 11 7 19 7 26 1 1 0 4 0 9-1 4-1 7 0 8 1 2 3 5 6 8 4 4 6 6 6 7 4 5 8 13 13 24 4 11 7 20 7 28 1 1 0 4 0 7-1 3-1 6-1 7 0 2 1 4 3 6 1 1 3 4 5 6 2 3 3 5 5 6 1 2 3 5 4 9 2 3 3 7 5 10 1 3 2 6 4 10 2 4 4 7 6 9 2 3 4 5 7 7 3 2 7 3 11 3 3 0 8 0 13-1l0-1c7 2 12 2 14 2l218 0c14 0 25-5 32-16 8-10 10-23 6-37l-79-259c-7-22-13-37-20-43-7-7-19-10-37-10l-248 0c-5 0-9-2-11-5-2-3-2-7 0-12 4-13 18-20 41-20l264 0c5 0 10 2 16 5 5 3 8 6 10 11l85 282c2 5 2 10 2 17 7-3 13-7 17-13z m-304 0c-1-3-1-5 0-7 1-1 3-2 6-2l174 0c2 0 4 1 7 2 2 2 4 4 5 7l6 18c0 3 0 5-1 7-1 1-3 2-6 2l-173 0c-3 0-5-1-8-2-2-2-4-4-4-7z m-24-73c-1-3-1-5 0-7 2-2 3-2 6-2l174 0c2 0 5 0 7 2 3 2 4 4 5 7l6 18c1 2 0 5-1 6-1 2-3 3-5 3l-174 0c-3 0-5-1-7-3-3-1-4-4-5-6z"},"click":"function(gd) { \n        // is this being viewed in RStudio?\n        if (location.search == '?viewer_pane=1') {\n          alert('To learn about plotly for collaboration, visit:\\n https://cpsievert.github.io/plotly_book/plot-ly-for-collaboration.html');\n        } else {\n          window.open('https://cpsievert.github.io/plotly_book/plot-ly-for-collaboration.html', '_blank');\n        }\n      }"}],"cloud":false},"data":[{"colorbar":{"title":"","ticklen":2,"len":0.5,"y":1,"lenmode":"fraction","yanchor":"top"},"colorscale":[["0","rgba(68,1,84,1)"],["0.00397652094755455","rgba(68,3,85,1)"],["0.013419723792739","rgba(69,7,88,1)"],["0.0257510863296062","rgba(69,12,92,1)"],["0.0435429107817077","rgba(70,19,98,1)"],["0.0677948667216109","rgba(71,27,106,1)"],["0.088024844746222","rgba(72,33,112,1)"],["0.109768288000123","rgba(72,40,120,1)"],["0.128872505203686","rgba(71,46,123,1)"],["0.14341659805867","rgba(70,51,125,1)"],["0.161744547556951","rgba(69,56,128,1)"],["0.192420230281451","rgba(66,65,132,1)"],["0.21699598860409","rgba(63,73,136,1)"],["0.235096897266616","rgba(61,78,138,1)"],["0.2759469906242","rgba(57,89,139,1)"],["0.317465021348751","rgba(52,100,141,1)"],["0.353237717383826","rgba(48,109,142,1)"],["0.411829580024655","rgba(43,122,142,1)"],["0.473767203656969","rgba(38,137,141,1)"],["0.523629028171661","rgba(35,150,139,1)"],["0.602367179587167","rgba(43,168,131,1)"],["0.683755320941259","rgba(65,186,117,1)"],["0.77097475639349","rgba(106,204,91,1)"],["0.880987375135218","rgba(176,221,49,1)"],["1","rgba(253,231,37,1)"]],"showscale":true,"x":[-20,-19,-18,-17,-16,-15,-14,-13,-12,-11,-10,-9,-8,-7,-6,-5,-4,-3,-2,-1,0,1,2,3,4,5,6,7,8,9,10,11,12,13,14,15,16,17,18,19,20],"y":[-20,-19,-18,-17,-16,-15,-14,-13,-12,-11,-10,-9,-8,-7,-6,-5,-4,-3,-2,-1,0,1,2,3,4,5,6,7,8,9,10,11,12,13,14,15,16,17,18,19,20],"z":[[6.16500800322612e-07,9.13600105252621e-07,1.33594335481639e-06,1.92765519956069e-06,2.74460639567381e-06,3.85602814264735e-06,5.34576330615026e-06,7.31288364259249e-06,9.87136039373194e-06,1.31484560593158e-05,1.72815191818186e-05,2.24129221701922e-05,2.86829922275193e-05,3.62209497975892e-05,4.51340827025496e-05,5.54956334895173e-05,6.73321392810472e-05,8.06112062434058e-05,9.52308878893076e-05,0.000111011930234406,0.000127694114709204,0.000144937750274954,0.000162331034825119,0.000179403538789847,0.000195645498758898,0.000210532003064286,0.000223550575071059,0.00023423018813078,0.000242169446945778,0.000247061594287621,0.000248714174061457,0.000247061594287621,0.000242