<!DOCTYPE html>
<html>
<head>
<meta charset="utf-8"/>
<script src="lib/htmlwidgets-0.9/htmlwidgets.js"></script>
<script src="lib/plotly-binding-4.7.1/plotly.js"></script>
<script src="lib/typedarray-0.1/typedarray.min.js"></script>
<script src="lib/jquery-1.11.3/jquery.min.js"></script>
<link href="lib/crosstalk-1.0.0/css/crosstalk.css" rel="stylesheet" />
<script src="lib/crosstalk-1.0.0/js/crosstalk.min.js"></script>
<link href="lib/plotlyjs-1.29.2/plotly-htmlwidgets.css" rel="stylesheet" />
<script src="lib/plotlyjs-1.29.2/plotly-latest.min.js"></script>

</head>
<body style="background-color:white;">
<div id="htmlwidget_container">
  <div id="2e5a5b861f4a" style="width:100%;height:400px;" class="plotly html-widget"></div>
</div>
<script type="application/json" data-for="2e5a5b861f4a">{"x":{"visdat":{"2e5a3faef62":["function () ","plotlyVisDat"]},"cur_data":"2e5a3faef62","attrs":{"2e5a3faef62":{"x":[-20,-19,-18,-17,-16,-15,-14,-13,-12,-11,-10,-9,-8,-7,-6,-5,-4,-3,-2,-1,0,1,2,3,4,5,6,7,8,9,10,11,12,13,14,15,16,17,18,19,20],"y":[-20,-19,-18,-17,-16,-15,-14,-13,-12,-11,-10,-9,-8,-7,-6,-5,-4,-3,-2,-1,0,1,2,3,4,5,6,7,8,9,10,11,12,13,14,15,16,17,18,19,20],"z":[[3.31688907353767e-37,1.69416579772064e-35,7.57312178861503e-34,2.96270248245012e-32,1.01436723061767e-30,3.03946011830288e-29,7.97061361681391e-28,1.82928399001069e-26,3.67421511243558e-25,6.45865510913183e-24,9.93604792966825e-23,1.33776346428274e-21,1.57630064321417e-20,1.62552197086305e-19,1.46703577306658e-18,1.15873101962576e-17,8.0097439241879e-17,4.84561270215602e-16,2.56550482399963e-15,1.18875139939139e-14,4.82062463539854e-14,1.71084103980329e-13,5.31385956208641e-13,1.44445678866028e-12,3.43631608746738e-12,7.15444130987204e-12,1.30362420170083e-11,2.07885009054685e-11,2.90126901625852e-11,3.54361797862279e-11,3.78791183317892e-11,3.54361797862279e-11,2.90126901625852e-11,2.07885009054684e-11,1.30362420170083e-11,7.15444130987204e-12,3.43631608746738e-12,1.44445678866027e-12,5.31385956208638e-13,1.71084103980329e-13,4.82062463539851e-14],[1.69416579772064e-35,8.09520603243722e-34,3.38527514263121e-32,1.23895093326372e-30,3.96833485074142e-29,1.11238873991858e-27,2.72897103529771e-26,5.85915972502648e-25,1.10094549224678e-23,1.81046597342297e-22,2.60560743826274e-21,3.28187225841061e-20,3.61766567631947e-19,3.49003076274403e-18,2.9466201187566e-17,2.17727413597302e-16,1.40797889986635e-15,7.96843892764966e-15,3.94679363804612e-14,1.71084103980329e-13,6.49036272560814e-13,2.15487631199901e-12,6.26137614705867e-12,1.59225019556174e-11,3.54361797862279e-11,6.90202536545699e-11,1.1765226018539e-10,1.75516547477882e-10,2.29155312170106e-10,2.6183992037223e-10,2.6183992037223e-10,2.29155312170106e-10,1.75516547477882e-10,1.1765226018539e-10,6.90202536545695e-11,3.54361797862279e-11,1.59225019556174e-11,6.26137614705867e-12,2.15487631199901e-12,6.49036272560811e-13,1.71084103980329e-13],[7.57312178861503e-34,3.38527514263121e-32,1.32436310266765e-30,4.53434167197992e-29,1.35867467508288e-27,3.56295869810014e-26,8.17711611281097e-25,1.64241767609058e-23,2.88709533611901e-22,4.44153111638382e-21,5.97996114253005e-20,7.04625058692251e-19,7.26627575174635e-18,6.55782367501218e-17,5.17966490864017e-16,3.58045040899218e-15,2.16604627382159e-14,1.14681104456061e-13,5.31385956208641e-13,2.15487631199901e-12,7.64766209589577e-12,2.37535816656316e-11,6.45689294025042e-11,1.53607399403177e-10,3.19812000939082e-10,5.82735459501609e-10,9.29270614314496e-10,1.2969016156047e-09,1.58403921036196e-09,1.69324145699288e-09,1.58403921036196e-09,1.29690161560469e-09,9.29270614314499e-10,5.82735459501609e-10,3.19812000939082e-10,1.53607399403177e-10,6.4568929402504e-11,2.37535816656315e-11,7.64766209589575e-12,2.15487631199901e-12,5.31385956208638e-13],[2.96270248245012e-32,1.23895093326372e-30,4.53434167197992e-29,1.45234049218452e-27,4.07114638960482e-26,9.98755217398324e-25,2.14434901259474e-23,4.0292661234958e-22,6.62598581476363e-21,9.53606318937306e-20,1.20110730327515e-18,1.32400176560787e-17,1.27728964070555e-16,1.07841093922713e-15,7.96843892764972e-15,5.15295418690606e-14,2.91630796024254e-13,1.44445678866028e-12,6.26137614705869e-12,2.37535816656316e-11,7.88646684636679e-11,2.29155312170107e-10,5.82735459501609e-10,1.2969016156047e-09,2.52601942461207e-09,4.30586500109352e-09,6.42359575334045e-09,8.38667983881579e-09,9.5828787924969e-09,9.58287879249686e-09,8.38667983881576e-09,6.42359575334045e-09,4.30586500109351e-09,2.52601942461207e-09,1.29690161560469e-09,5.82735459501609e-10,2.29155312170106e-10,7.88646684636679e-11,2.37535816656315e-11,6.26137614705867e-12,1.44445678866027e-12],[1.01436723061767e-30,3.96833485074142e-29,1.35867467508288e-27,4.07114638960482e-26,1.06760850894616e-24,2.45019925303448e-23,4.92135675659909e-22,8.65092134978433e-21,1.33086482734952e-19,1.79184153954317e-18,2.11134557545577e-17,2.17727413597302e-16,1.96499284691253e-15,1.55203997534485e-14,1.07284974269785e-13,6.49036272560814e-13,3.43631608746738e-12,1.59225019556175e-11,6.45689294025042e-11,2.29155312170106e-10,7.11754697512999e-10,1.93474986056995e-09,4.60270748373727e-09,9.58287879249686e-09,1.7461143609672e-08,2.78447576584256e-08,3.88604897616098e-08,4.74643093782853e-08,5.07364564217349e-08,4.74643093782853e-08,3.88604897616098e-08,2.78447576584256e-08,1.7461143609672e-08,9.58287879249686e-09,4.60270748373725e-09,1.93474986056994e-09,7.11754697512996e-10,2.29155312170106e-10,6.4568929402504e-11,1.59225019556174e-11,3.43631608746738e-12],[3.03946011830288e-29,1.11238873991858e-27,3.56295869810014e-26,9.98755217398324e-25,2.45019925303448e-23,5.26063069046218e-22,9.88480928468501e-21,1.62552197086306e-19,2.33943758154838e-18,2.9466201187566e-17,3.24811132958011e-16,3.13351466810636e-15,2.64561489314824e-14,1.95485968616388e-13,1.26415004194594e-12,7.15444130987204e-12,3.5436179786228e-11,1.53607399403177e-10,5.82735459501609e-10,1.93474986056995e-09,5.62175961564115e-09,1.42959752571496e-08,3.18162780475021e-08,6.19696478127805e-08,1.05633763164003e-07,1.57587056792848e-07,2.05746476399236e-07,2.35092263352169e-07,2.35092263352169e-07,2.05746476399236e-07,1.57587056792848e-07,1.05633763164003e-07,6.19696478127803e-08,3.1816278047502e-08,1.42959752571496e-08,5.62175961564114e-09,1.93474986056994e-09,5.82735459501609e-10,1.53607399403177e-10,3.54361797862279e-11,7.15444130987204e-12],[7.97061361681391e-28,2.72897103529771e-26,8.17711611281097e-25,2.14434901259474e-23,4.92135675659909e-22,9.88480928468501e-21,1.73758400190686e-19,2.67311346295005e-18,3.59900994029957e-17,4.24075095134255e-16,4.37317200499875e-15,3.94679363804612e-14,3.11735562310523e-13,2.15487631199901e-12,1.30362420170083e-11,6.90202536545699e-11,3.19812000939082e-10,1.2969016156047e-09,4.60270748373727e-09,1.42959752571496e-08,3.88604897616099e-08,9.24478511112368e-08,1.92477265817128e-07,3.50716444693151e-07,5.5927690806552e-07,7.80533801959972e-07,9.53346138551151e-07,1.01906896881046e-06,9.53346138551153e-07,7.80533801959969e-07,5.5927690806552e-07,3.5071644469315e-07,1.92477265817128e-07,9.24478511112368e-08,3.88604897616098e-08,1.42959752571496e-08,4.60270748373725e-09,1.29690161560469e-09,3.19812000939082e-10,6.90202536545695e-11,1.30362420170083e-11],[1.82928399001069e-26,5.85915972502648e-25,1.64241767609058e-23,4.0292661234958e-22,8.65092134978433e-21,1.62552197086306e-19,2.67311346295005e-18,3.84712246715926e-17,4.84561270215605e-16,5.34140434881433e-15,5.15295418690606e-14,4.35062024101766e-13,3.21469770260227e-12,2.07885009054686e-11,1.17652260185391e-10,5.82735459501609e-10,2.52601942461207e-09,9.58287879249691e-09,3.18162780475021e-08,9.24478511112372e-08,2.35092263352169e-07,5.23207454062182e-07,1.01906896881046e-06,1.73710992233375e-06,2.5914634846552e-06,3.3834281287833e-06,3.86600922944414e-06,3.86600922944414e-06,3.3834281287833e-06,2.5914634846552e-06,1.73710992233375e-06,1.01906896881046e-06,5.23207454062182e-07,2.35092263352169e-07,9.24478511112368e-08,3.1816278047502e-08,9.58287879249686e-09,2.52601942461207e-09,5.82735459501609e-10,1.1765226018539e-10,2.07885009054684e-11],[3.67421511243558e-25,1.10094549224678e-23,2.88709533611901e-22,6.62598581476363e-21,1.33086482734952e-19,2.33943758154838e-18,3.59900994029957e-17,4.84561270215605e-16,5.70963598805604e-15,5.88792422573066e-14,5.31385956208641e-13,4.19712594714284e-12,2.90126901625852e-11,1.75516547477882e-10,9.29270614314499e-10,4.30586500109352e-09,1.74611436096721e-08,6.19696478127805e-08,1.92477265817128e-07,5.23207454062182e-07,1.24469364926054e-06,2.5914634846552e-06,4.72195433591574e-06,7.52995777921989e-06,1.05089026370529e-05,1.28356026661332e-05,1.37204776356633e-05,1.28356026661331e-05,1.05089026370529e-05,7.52995777921989e-06,4.72195433591575e-06,2.5914634846552e-06,1.24469364926053e-06,5.23207454062182e-07,1.92477265817128e-07,6.19696478127803e-08,1.7461143609672e-08,4.30586500109351e-09,9.29270614314499e-10,1.75516547477882e-10,2.90126901625852e-11],[6.45865510913183e-24,1.81046597342297e-22,4.44153111638382e-21,9.53606318937306e-20,1.79184153954317e-18,2.9466201187566e-17,4.24075095134255e-16,5.34140434881433e-15,5.88792422573066e-14,5.68019228836312e-13,4.79576542819269e-12,3.54361797862281e-11,2.29155312170107e-10,1.2969016156047e-09,6.42359575334048e-09,2.78447576584257e-08,1.05633763164003e-07,3.50716444693151e-07,1.01906896881046e-06,2.5914634846552e-06,5.76740804979386e-06,1.12333769872363e-05,1.91484690664476e-05,2.85661590753464e-05,3.72961250348024e-05,4.2615701625351e-05,4.2615701625351e-05,3.72961250348024e-05,2.85661590753464e-05,1.91484690664476e-05,1.12333769872362e-05,5.76740804979386e-06,2.5914634846552e-06,1.01906896881046e-06,3.5071644469315e-07,1.05633763164003e-07,2.78447576584256e-08,6.42359575334045e-09,1.29690161560469e-09,2.29155312170106e-10,3.54361797862279e-11],[9.93604792966825e-23,2.60560743826274e-21,5.97996114253005e-20,1.20110730327515e-18,2.11134557545577e-17,3.24811132958011e-16,4.37317200499875e-15,5.15295418690606e-14,5.31385956208641e-13,4.79576542819269e-12,3.78791183317892e-11,2.61839920372231e-10,1.58403921036196e-09,8.38667983881579e-09,3.886048976161e-08,1.57587056792848e-07,5.59276908065522e-07,1.73710992233375e-06,4.72195433591575e-06,1.12333769872363e-05,2.33879929323038e-05,4.2615701625351e-05,6.79579706076286e-05,9.48429881636417e-05,0.000115841487335224,0.000123827495880546,0.000115841487335224,9.48429881636416e-05,6.79579706076286e-05,4.2615701625351e-05,2.33879929323037e-05,1.12333769872362e-05,4.72195433591575e-06,1.73710992233375e-06,5.5927690806552e-07,1.57587056792848e-07,3.88604897616098e-08,8.38667983881576e-09,1.58403921036196e-09,2.6183992037223e-10,3.78791183317892e-11],[1.33776346428274e-21,3.28187225841061e-20,7.04625058692251e-19,1.32400176560787e-17,2.17727413597302e-16,3.13351466810636e-15,3.94679363804612e-14,4.35062024101766e-13,4.19712594714284e-12,3.54361797862281e-11,2.61839920372231e-10,1.69324145699289e-09,9.5828787924969e-09,4.74643093782855e-08,2.05746476399236e-07,7.80533801959973e-07,2.5914634846552e-06,7.52995777921991e-06,1.91484690664476e-05,4.2615701625351e-05,8.30040527391253e-05,0.000141489112140619,0.000211076951938711,0.000275583160154887,0.000314889810005009,0.000314889810005009,0.000275583160154887,0.000211076951938711,0.000141489112140619,8.30040527391252e-05,4.2615701625351e-05,1.91484690664476e-05,7.52995777921989e-06,2.5914634846552e-06,7.80533801959969e-07,2.05746476399236e-07,4.74643093782853e-08,9.58287879249686e-09,1.69324145699288e-09,2.6183992037223e-10,3.54361797862279e-11],[1.57630064321417e-20,3.61766567631947e-19,7.26627575174635e-18,1.27728964070555e-16,1.96499284691253e-15,2.64561489314824e-14,3.11735562310523e-13,3.21469770260227e-12,2.90126901625852e-11,2.29155312170107e-10,1.58403921036196e-09,9.5828787924969e-09,5.0736456421735e-08,2.35092263352169e-07,9.53346138551155e-07,3.3834281287833e-06,1.0508902637053e-05,2.85661590753464e-05,6.79579706076286e-05,0.000141489112140619,0.000257809971281984,0.00041112176457309,0.000573766642861522,0.000700800160131364,0.000749112696478347,0.000700800160131364,0.000573766642861522,0.000411121764573089,0.000257809971281983,0.000141489112140619,6.79579706076286e-05,2.85661590753464e-05,1.05089026370529e-05,3.3834281287833e-06,9.53346138551153e-07,2.35092263352169e-07,5.07364564217349e-08,9.5828787924969e-09,1.58403921036196e-09,2.29155312170106e-10,2.90126901625852e-11],[1.62552197086305e-19,3.49003076274403e-18,6.55782367501218e-17,1.07841093922713e-15,1.55203997534485e-14,1.95485968616388e-13,2.15487631199901e-12,2.07885009054686e-11,1.75516547477882e-10,1.2969016156047e-09,8.38667983881579e-09,4.74643093782855e-08,2.35092263352169e-07,1.01906896881046e-06,3.86600922944414e-06,1.28356026661332e-05,3.72961250348024e-05,9.48429881636417e-05,0.000211076951938711,0.00041112176457309,0.000700800160131364,0.00104547098699493,0.00136497232786442,0.00155965943906643,0.00155965943906643,0.00136497232786442,0.00104547098699493,0.000700800160131364,0.000411121764573089,0.000211076951938711,9.48429881636416e-05,3.72961250348024e-05,1.28356026661331e-05,3.86600922944414e-06,1.01906896881046e-06,2.35092263352169e-07,4.74643093782853e-08,8.38667983881579e-09,1.2969016156047e-09,1.75516547477882e-10,2.07885009054685e-11],[1.46703577306658e-18,2.9466201187566e-17,5.17966490864017e-16,7.96843892764972e-15,1.07284974269785e-13,1.26415004194594e-12,1.30362420170083e-11,1.17652260185391e-10,9.29270614314499e-10,6.42359575334048e-09,3.886048976161e-08,2.05746476399236e-07,9.53346138551155e-07,3.86600922944414e-06,1.37204776356634e-05,4.2615701625351e-05,0.000115841487335224,0.000275583160154887,0.000573766642861522,0.00104547098699493,0.00166718096606592,0.00232673847110862,0.00284188478612945,0.00303780178192192,0.00284188478612945,0.00232673847110862,0.00166718096606592,0.00104547098699493,0.000573766642861522,0.000275583160154887,0.000115841487335224,4.2615701625351e-05,1.37204776356633e-05,3.86600922944414e-06,9.53346138551151e-07,2.05746476399236e-07,3.88604897616098e-08,6.42359575334045e-09,9.29270614314496e-10,1.1765226018539e-10,1.30362420170083e-11],[1.15873101962576e-17,2.17727413597302e-16,3.58045040899218e-15,5.15295418690606e-14,6.49036272560814e-13,7.15444130987204e-12,6.90202536545699e-11,5.82735459501609e-10,4.30586500109352e-09,2.78447576584257e-08,1.57587056792848e-07,7.80533801959973e-07,3.3834281287833e-06,1.28356026661332e-05,4.2615701625351e-05,0.000123827495880546,0.000314889810005009,0.000700800160131364,0.00136497232786443,0.00232673847110862,0.00347108591615194,0.00453186772480978,0.00517825169735023,0.00517825169735023,0.00453186772480978,0.00347108591615193,0.00232673847110862,0.00136497232786442,0.000700800160131364,0.000314889810005009,0.000123827495880546,4.2615701625351e-05,1.28356026661332e-05,3.3834281287833e-06,7.80533801959972e-07,1.57587056792848e-07,2.78447576584256e-08,4.30586500109352e-09,5.82735459501609e-10,6.90202536545699e-11,7.15444130987204e-12],[8.0097439241879e-17,1.40797889986635e-15,2.16604627382159e-14,2.91630796024254e-13,3.43631608746738e-12,3.5436179786228e-11,3.19812000939082e-10,2.52601942461207e-09,1.74611436096721e-08,1.05633763164003e-07,5.59276908065522e-07,2.5914634846552e-06,1.0508902637053e-05,3.72961250348024e-05,0.000115841487335224,0.000314889810005009,0.000749112696478348,0.00155965943906643,0.00284188478612945,0.00453186772480978,0.00632473090559115,0.0077250437727099,0.00825760138225886,0.0077250437727099,0.00632473090559115,0.00453186772480978,0.00284188478612945,0.00155965943906643,0.000749112696478347,0.000314889810005009,0.000115841487335224,3.72961250348024e-05,1.05089026370529e-05,2.5914634846552e-06,5.5927690806552e-07,1.05633763164003e-07,1.7461143609672e-08,2.52601942461207e-09,3.19812000939082e-10,3.54361797862279e-11,3.43631608746738e-12],[4.84561270215602e-16,7.96843892764966e-15,1.14681104456061e-13,1.44445678866028e-12,1.59225019556175e-11,1.53607399403177e-10,1.2969016156047e-09,9.58287879249691e-09,6.19696478127805e-08,3.50716444693151e-07,1.73710992233375e-06,7.52995777921991e-06,2.85661590753464e-05,9.48429881636417e-05,0.000275583160154887,0.000700800160131364,0.00155965943906643,0.00303780178192192,0.00517825169735023,0.00772504377270991,0.0100858571040782,0.0115244110904885,0.0115244110904885,0.0100858571040782,0.0077250437727099,0.00517825169735023,0.00303780178192192,0.00155965943906643,0.000700800160131364,0.000275583160154887,9.48429881636417e-05,2.85661590753464e-05,7.52995777921989e-06,1.73710992233375e-06,3.50716444693151e-07,6.19696478127805e-08,9.58287879249686e-09,1.2969016156047e-09,1.53607399403177e-10,1.59225019556174e-11,1.44445678866028e-12],[2.56550482399963e-15,3.94679363804612e-14,5.31385956208641e-13,6.26137614705869e-12,6.45689294025042e-11,5.82735459501609e-10,4.60270748373727e-09,3.18162780475021e-08,1.92477265817128e-07,1.01906896881046e-06,4.72195433591575e-06,1.91484690664476e-05,6.79579706076286e-05,0.000211076951938711,0.000573766642861522,0.00136497232786443,0.00284188478612945,0.00517825169735023,0.00825760138225886,0.0115244110904885,0.0140759474920943,0.0150463307247445,0.0140759474920943,0.0115244110904885,0.00825760138225886,0.00517825169735023,0.00284188478612945,0.00136497232786442,0.000573766642861522,0.000211076951938711,6.79579706076286e-05,1.91484690664476e-05,4.72195433591574e-06,1.01906896881046e-06,1.92477265817128e-07,3.18162780475021e-08,4.60270748373727e-09,5.82735459501609e-10,6.45689294025042e-11,6.26137614705867e-12,5.31385956208641e-13],[1.18875139939139e-14,1.71084103980329e-13,2.15487631199901e-12,2.37535816656316e-11,2.29155312170106e-10,1.93474986056995e-09,1.42959752571496e-08,9.24478511112372e-08,5.23207454062182e-07,2.5914634846552e-06,1.12333769872363e-05,4.2615701625351e-05,0.000141489112140619,0.00041112176457309,0.00104547098699493,0.00232673847110862,0.00453186772480978,0.00772504377270991,0.0115244110904885,0.0150463307247445,0.0171924010905618,0.0171924010905618,0.0150463307247445,0.0115244110904885,0.0077250437727099,0.00453186772480978,0.00232673847110862,0.00104547098699493,0.00041112176457309,0.000141489112140619,4.2615701625351e-05,1.12333769872363e-05,2.5914634846552e-06,5.23207454062182e-07,9.24478511112368e-08,1.42959752571496e-08,1.93474986056995e-09,2.29155312170107e-10,2.37535816656316e-11,2.15487631199901e-12,1.71084103980329e-13],[4.82062463539854e-14,6.49036272560814e-13,7.64766209589577e-12,7.88646684636679e-11,7.11754697512999e-10,5.62175961564115e-09,3.88604897616099e-08,2.35092263352169e-07,1.24469364926054e-06,5.76740804979386e-06,2.33879929323038e-05,8.30040527391253e-05,0.000257809971281984,0.000700800160131364,0.00166718096606592,0.00347108591615194,0.00632473090559115,0.0100858571040782,0.0140759474920943,0.0171924010905618,0.0183776298473931,0.0171924010905618,0.0140759474920943,0.0100858571040782,0.00632473090559115,0.00347108591615194,0.00166718096606592,0.000700800160131364,0.000257809971281984,8.30040527391253e-05,2.33879929323038e-05,5.76740804979386e-06,1.24469364926054e-06,2.35092263352169e-07,3.88604897616099e-08,5.62175961564115e-09,7.11754697512999e-10,7.88646684636679e-11,7.64766209589577e-12,6.49036272560814e-13,4.82062463539854e-14],[1.71084103980329e-13,2.15487631199901e-12,2.37535816656316e-11,2.29155312170107e-10,1.93474986056995e-09,1.42959752571496e-08,9.24478511112368e-08,5.23207454062182e-07,2.5914634846552e-06,1.12333769872363e-05,4.2615701625351e-05,0.000141489112140619,0.00041112176457309,0.00104547098699493,0.00232673847110862,0.00453186772480978,0.0077250437727099,0.0115244110904885,0.0150463307247445,0.0171924010905618,0.0171924010905618,0.0150463307247445,0.0115244110904885,0.00772504377270991,0.00453186772480978,0.00232673847110862,0.00104547098699493,0.00041112176457309,0.000141489112140619,4.2615701625351e-05,1.12333769872363e-05,2.5914634846552e-06,5.23207454062182e-07,9.24478511112372e-08,1.42959752571496e-08,1.93474986056995e-09,2.29155312170106e-10,2.37535816656316e-11,2.15487631199901e-12,1.71084103980329e-13,1.18875139939139e-14],[5.31385956208641e-13,6.26137614705867e-12,6.45689294025042e-11,5.82735459501609e-10,4.60270748373727e-09,3.18162780475021e-08,1.92477265817128e-07,1.01906896881046e-06,4.72195433591574e-06,1.91484690664476e-05,6.79579706076286e-05,0.000211076951938711,0.000573766642861522,0.00136497232786442,0.00284188478612945,0.00517825169735023,0.00825760138225886,0.0115244110904885,0.0140759474920943,0.0150463307247445,0.0140759474920943,0.0115244110904885,0.00825760138225886,0.00517825169735023,0.00284188478612945,0.00136497232786443,0.000573766642861522,0.000211076951938711,6.79579706076286e-05,1.91484690664476e-05,4.72195433591575e-06,1.01906896881046e-06,1.92477265817128e-07,3.18162780475021e-08,4.60270748373727e-09,5.82735459501609e-10,6.45689294025042e-11,6.26137614705869e-12,5.31385956208641e-13,3.94679363804612e-14,2.56550482399963e-15],[1.44445678866028e-12,1.59225019556174e-11,1.53607399403177e-10,1.2969016156047e-09,9.58287879249686e-09,6.19696478127805e-08,3.50716444693151e-07,1.73710992233375e-06,7.52995777921989e-06,2.85661590753464e-05,9.48429881636417e-05,0.000275583160154887,0.000700800160131364,0.00155965943906643,0.00303780178192192,0.00517825169735023,0.0077250437727099,0.0100858571040782,0.0115244110904885,0.0115244110904885,0.0100858571040782,0.00772504377270991,0.00517825169735023,0.00303780178192192,0.00155965943906643,0.000700800160131364,0.000275583160154887,9.48429881636417e-05,2.85661590753464e-05,7.52995777921991e-06,1.73710992233375e-06,3.50716444693151e-07,6.19696478127805e-08,9.58287879249691e-09,1.2969016156047e-09,1.53607399403177e-10,1.59225019556175e-11,1.44445678866028e-12,1.14681104456061e-13,7.96843892764966e-15,4.84561270215602e-16],[3.43631608746738e-12,3.54361797862279e-11,3.19812000939082e-10,2.52601942461207e-09,1.7461143609672e-08,1.05633763164003e-07,5.5927690806552e-07,2.5914634846552e-06,1.05089026370529e-05,3.72961250348024e-05,0.000115841487335224,0.000314889810005009,0.000749112696478347,0.00155965943906643,0.00284188478612945,0.00453186772480978,0.00632473090559115,0.0077250437727099,0.00825760138225886,0.0077250437727099,0.00632473090559115,0.00453186772480978,0.00284188478612945,0.00155965943906643,0.000749112696478348,0.000314889810005009,0.000115841487335224,3.72961250348024e-05,1.0508902637053e-05,2.5914634846552e-06,5.59276908065522e-07,1.05633763164003e-07,1.74611436096721e-08,2.52601942461207e-09,3.19812000939082e-10,3.5436179786228e-11,3.43631608746738e-12,2.91630796024254e-13,2.16604627382159e-14,1.40797889986635e-15,8.0097439241879e-17],[7.15444130987204e-12,6.90202536545699e-11,5.82735459501609e-10,4.30586500109352e-09,2.78447576584256e-08,1.57587056792848e-07,7.80533801959972e-07,3.3834281287833e-06,1.28356026661332e-05,4.2615701625351e-05,0.000123827495880546,0.000314889810005009,0.000700800160131364,0.00136497232786442,0.00232673847110862,0.00347108591615193,0.00453186772480978,0.00517825169735023,0.00517825169735023,0.00453186772480978,0.00347108591615194,0.00232673847110862,0.00136497232786443,0.000700800160131364,0.000314889810005009,0.000123827495880546,4.2615701625351e-05,1.28356026661332e-05,3.3834281287833e-06,7.80533801959973e-07,1.57587056792848e-07,2.78447576584257e-08,4.30586500109352e-09,5.82735459501609e-10,6.90202536545699e-11,7.15444130987204e-12,6.49036272560814e-13,5.15295418690606e-14,3.58045040899218e-15,2.17727413597302e-16,1.15873101962576e-17],[1.30362420170083e-11,1.1765226018539e-10,9.29270614314496e-10,6.42359575334045e-09,3.88604897616098e-08,2.05746476399236e-07,9.53346138551151e-07,3.86600922944414e-06,1.37204776356633e-05,4.2615701625351e-05,0.000115841487335224,0.000275583160154887,0.000573766642861522,0.00104547098699493,0.00166718096606592,0.00232673847110862,0.00284188478612945,0.00303780178192192,0.00284188478612945,0.00232673847110862,0.00166718096606592,0.00104547098699493,0.000573766642861522,0.000275583160154887,0.000115841487335224,4.2615701625351e-05,1.37204776356634e-05,3.86600922944414e-06,9.53346138551155e-07,2.05746476399236e-07,3.886048976161e-08,6.42359575334048e-09,9.29270614314499e-10,1.17652260185391e-10,1.30362420170083e-11,1.26415004194594e-12,1.07284974269785e-13,7.96843892764972e-15,5.17966490864017e-16,2.9466201187566e-17,1.46703577306658e-18],[2.07885009054685e-11,1.75516547477882e-10,1.2969016156047e-09,8.38667983881579e-09,4.74643093782853e-08,2.35092263352169e-07,1.01906896881046e-06,3.86600922944414e-06,1.28356026661331e-05,3.72961250348024e-05,9.48429881636416e-05,0.000211076951938711,0.000411121764573089,0.000700800160131364,0.00104547098699493,0.00136497232786442,0.00155965943906643,0.00155965943906643,0.00136497232786442,0.00104547098699493,0.000700800160131364,0.00041112176457309,0.000211076951938711,9.48429881636417e-05,3.72961250348024e-05,1.28356026661332e-05,3.86600922944414e-06,1.01906896881046e-06,2.35092263352169e-07,4.74643093782855e-08,8.38667983881579e-09,1.2969016156047e-09,1.75516547477882e-10,2.07885009054686e-11,2.15487631199901e-12,1.95485968616388e-13,1.55203997534485e-14,1.07841093922713e-15,6.55782367501218e-17,3.49003076274403e-18,1.62552197086305e-19],[2.90126901625852e-11,2.29155312170106e-10,1.58403921036196e-09,9.5828787924969e-09,5.07364564217349e-08,2.35092263352169e-07,9.53346138551153e-07,3.3834281287833e-06,1.05089026370529e-05,2.85661590753464e-05,6.79579706076286e-05,0.000141489112140619,0.000257809971281983,0.000411121764573089,0.000573766642861522,0.000700800160131364,0.000749112696478347,0.000700800160131364,0.000573766642861522,0.00041112176457309,0.000257809971281984,0.000141489112140619,6.79579706076286e-05,2.85661590753464e-05,1.0508902637053e-05,3.3834281287833e-06,9.53346138551155e-07,2.35092263352169e-07,5.0736456421735e-08,9.5828787924969e-09,1.58403921036196e-09,2.29155312170107e-10,2.90126901625852e-11,3.21469770260227e-12,3.11735562310523e-13,2.64561489314824e-14,1.96499284691253e-15,1.27728964070555e-16,7.26627575174635e-18,3.61766567631947e-19,1.57630064321417e-20],[3.54361797862279e-11,2.6183992037223e-10,1.69324145699288e-09,9.58287879249686e-09,4.74643093782853e-08,2.05746476399236e-07,7.80533801959969e-07,2.5914634846552e-06,7.52995777921989e-06,1.91484690664476e-05,4.2615701625351e-05,8.30040527391252e-05,0.000141489112140619,0.000211076951938711,0.000275583160154887,0.000314889810005009,0.000314889810005009,0.000275583160154887,0.000211076951938711,0.000141489112140619,8.30040527391253e-05,4.2615701625351e-05,1.91484690664476e-05,7.52995777921991e-06,2.5914634846552e-06,7.80533801959973e-07,2.05746476399236e-07,4.74643093782855e-08,9.5828787924969e-09,1.69324145699289e-09,2.61839920372231e-10,3.54361797862281e-11,4.19712594714284e-12,4.35062024101766e-13,3.94679363804612e-14,3.13351466810636e-15,2.17727413597302e-16,1.32400176560787e-17,7.04625058692251e-19,3.28187225841061e-20,1.33776346428274e-21],[3.78791183317892e-11,2.6183992037223e-10,1.58403921036196e-09,8.38667983881576e-09,3.88604897616098e-08,1.57587056792848e-07,5.5927690806552e-07,1.73710992233375e-06,4.72195433591575e-06,1.12333769872362e-05,2.33879929323037e-05,4.2615701625351e-05,6.79579706076286e-05,9.48429881636416e-05,0.000115841487335224,0.000123827495880546,0.000115841487335224,9.48429881636417e-05,6.79579706076286e-05,4.2615701625351e-05,2.33879929323038e-05,1.12333769872363e-05,4.72195433591575e-06,1.73710992233375e-06,5.59276908065522e-07,1.57587056792848e-07,3.886048976161e-08,8.38667983881579e-09,1.58403921036196e-09,2.61839920372231e-10,3.78791183317892e-11,4.79576542819269e-12,5.31385956208641e-13,5.15295418690606e-14,4.37317200499875e-15,3.24811132958011e-16,2.11134557545577e-17,1.20110730327515e-18,5.97996114253005e-20,2.60560743826274e-21,9.93604792966825e-23],[3.54361797862279e-11,2.29155312170106e-10,1.29690161560469e-09,6.42359575334045e-09,2.78447576584256e-08,1.05633763164003e-07,3.5071644469315e-07,1.01906896881046e-06,2.5914634846552e-06,5.76740804979386e-06,1.12333769872362e-05,1.91484690664476e-05,2.85661590753464e-05,3.72961250348024e-05,4.2615701625351e-05,4.2615701625351e-05,3.72961250348024e-05,2.85661590753464e-05,1.91484690664476e-05,1.12333769872363e-05,5.76740804979386e-06,2.5914634846552e-06,1.01906896881046e-06,3.50716444693151e-07,1.05633763164003e-07,2.78447576584257e-08,6.42359575334048e-09,1.2969016156047e-09,2.29155312170107e-10,3.54361797862281e-11,4.79576542819269e-12,5.68019228836312e-13,5.88792422573066e-14,5.34140434881433e-15,4.24075095134255e-16,2.9466201187566e-17,1.79184153954317e-18,9.53606318937306e-20,4.44153111638382e-21,1.81046597342297e-22,6.45865510913183e-24],[2.90126901625852e-11,1.75516547477882e-10,9.29270614314499e-10,4.30586500109351e-09,1.7461143609672e-08,6.19696478127803e-08,1.92477265817128e-07,5.23207454062182e-07,1.24469364926053e-06,2.5914634846552e-06,4.72195433591575e-06,7.52995777921989e-06,1.05089026370529e-05,1.28356026661331e-05,1.37204776356633e-05,1.28356026661332e-05,1.05089026370529e-05,7.52995777921989e-06,4.72195433591574e-06,2.5914634846552e-06,1.24469364926054e-06,5.23207454062182e-07,1.92477265817128e-07,6.19696478127805e-08,1.74611436096721e-08,4.30586500109352e-09,9.29270614314499e-10,1.75516547477882e-10,2.90126901625852e-11,4.19712594714284e-12,5.31385956208641e-13,5.88792422573066e-14,5.70963598805604e-15,4.84561270215605e-16,3.59900994029957e-17,2.33943758154838e-18,1.33086482734952e-19,6.62598581476363e-21,2.88709533611901e-22,1.10094549224678e-23,3.67421511243558e-25],[2.07885009054684e-11,1.1765226018539e-10,5.82735459501609e-10,2.52601942461207e-09,9.58287879249686e-09,3.1816278047502e-08,9.24478511112368e-08,2.35092263352169e-07,5.23207454062182e-07,1.01906896881046e-06,1.73710992233375e-06,2.5914634846552e-06,3.3834281287833e-06,3.86600922944414e-06,3.86600922944414e-06,3.3834281287833e-06,2.5914634846552e-06,1.73710992233375e-06,1.01906896881046e-06,5.23207454062182e-07,2.35092263352169e-07,9.24478511112372e-08,3.18162780475021e-08,9.58287879249691e-09,2.52601942461207e-09,5.82735459501609e-10,1.17652260185391e-10,2.07885009054686e-11,3.21469770260227e-12,4.35062024101766e-13,5.15295418690606e-14,5.34140434881433e-15,4.84561270215605e-16,3.84712246715926e-17,2.67311346295005e-18,1.62552197086306e-19,8.65092134978433e-21,4.0292661234958e-22,1.64241767609058e-23,5.85915972502648e-25,1.82928399001069e-26],[1.30362420170083e-11,6.90202536545695e-11,3.19812000939082e-10,1.29690161560469e-09,4.60270748373725e-09,1.42959752571496e-08,3.88604897616098e-08,9.24478511112368e-08,1.92477265817128e-07,3.5071644469315e-07,5.5927690806552e-07,7.80533801959969e-07,9.53346138551153e-07,1.01906896881046e-06,9.53346138551151e-07,7.80533801959972e-07,5.5927690806552e-07,3.50716444693151e-07,1.92477265817128e-07,9.24478511112368e-08,3.88604897616099e-08,1.42959752571496e-08,4.60270748373727e-09,1.2969016156047e-09,3.19812000939082e-10,6.90202536545699e-11,1.30362420170083e-11,2.15487631199901e-12,3.11735562310523e-13,3.94679363804612e-14,4.37317200499875e-15,4.24075095134255e-16,3.59900994029957e-17,2.67311346295005e-18,1.73758400190686e-19,9.88480928468501e-21,4.92135675659909e-22,2.14434901259474e-23,8.17711611281097e-25,2.72897103529771e-26,7.97061361681391e-28],[7.15444130987204e-12,3.54361797862279e-11,1.53607399403177e-10,5.82735459501609e-10,1.93474986056994e-09,5.62175961564114e-09,1.42959752571496e-08,3.1816278047502e-08,6.19696478127803e-08,1.05633763164003e-07,1.57587056792848e-07,2.05746476399236e-07,2.35092263352169e-07,2.35092263352169e-07,2.05746476399236e-07,1.57587056792848e-07,1.05633763164003e-07,6.19696478127805e-08,3.18162780475021e-08,1.42959752571496e-08,5.62175961564115e-09,1.93474986056995e-09,5.82735459501609e-10,1.53607399403177e-10,3.5436179786228e-11,7.15444130987204e-12,1.26415004194594e-12,1.95485968616388e-13,2.64561489314824e-14,3.13351466810636e-15,3.24811132958011e-16,2.9466201187566e-17,2.33943758154838e-18,1.62552197086306e-19,9.88480928468501e-21,5.26063069046218e-22,2.45019925303448e-23,9.98755217398324e-25,3.56295869810014e-26,1.11238873991858e-27,3.03946011830288e-29],[3.43631608746738e-12,1.59225019556174e-11,6.4568929402504e-11,2.29155312170106e-10,7.11754697512996e-10,1.93474986056994e-09,4.60270748373725e-09,9.58287879249686e-09,1.7461143609672e-08,2.78447576584256e-08,3.88604897616098e-08,4.74643093782853e-08,5.07364564217349e-08,4.74643093782853e-08,3.88604897616098e-08,2.78447576584256e-08,1.7461143609672e-08,9.58287879249686e-09,4.60270748373727e-09,1.93474986056995e-09,7.11754697512999e-10,2.29155312170106e-10,6.45689294025042e-11,1.59225019556175e-11,3.43631608746738e-12,6.49036272560814e-13,1.07284974269785e-13,1.55203997534485e-14,1.96499284691253e-15,2.17727413597302e-16,2.11134557545577e-17,1.79184153954317e-18,1.33086482734952e-19,8.65092134978433e-21,4.92135675659909e-22,2.45019925303448e-23,1.06760850894616e-24,4.07114638960482e-26,1.35867467508288e-27,3.96833485074142e-29,1.01436723061767e-30],[1.44445678866027e-12,6.26137614705867e-12,2.37535816656315e-11,7.88646684636679e-11,2.29155312170106e-10,5.82735459501609e-10,1.29690161560469e-09,2.52601942461207e-09,4.30586500109351e-09,6.42359575334045e-09,8.38667983881576e-09,9.58287879249686e-09,9.5828787924969e-09,8.38667983881579e-09,6.42359575334045e-09,4.30586500109352e-09,2.52601942461207e-09,1.2969016156047e-09,5.82735459501609e-10,2.29155312170107e-10,7.88646684636679e-11,2.37535816656316e-11,6.26137614705869e-12,1.44445678866028e-12,2.91630796024254e-13,5.15295418690606e-14,7.96843892764972e-15,1.07841093922713e-15,1.27728964070555e-16,1.32400176560787e-17,1.20110730327515e-18,9.53606318937306e-20,6.62598581476363e-21,4.0292661234958e-22,2.14434901259474e-23,9.98755217398324e-25,4.07114638960482e-26,1.45234049218452e-27,4.53434167197992e-29,1.23895093326372e-30,2.96270248245012e-32],[5.31385956208638e-13,2.15487631199901e-12,7.64766209589575e-12,2.37535816656315e-11,6.4568929402504e-11,1.53607399403177e-10,3.19812000939082e-10,5.82735459501609e-10,9.29270614314499e-10,1.29690161560469e-09,1.58403921036196e-09,1.69324145699288e-09,1.58403921036196e-09,1.2969016156047e-09,9.29270614314496e-10,5.82735459501609e-10,3.19812000939082e-10,1.53607399403177e-10,6.45689294025042e-11,2.37535816656316e-11,7.64766209589577e-12,2.15487631199901e-12,5.31385956208641e-13,1.14681104456061e-13,2.16604627382159e-14,3.58045040899218e-15,5.17966490864017e-16,6.55782367501218e-17,7.26627575174635e-18,7.04625058692251e-19,5.97996114253005e-20,4.44153111638382e-21,2.88709533611901e-22,1.64241767609058e-23,8.17711611281097e-25,3.56295869810014e-26,1.35867467508288e-27,4.53434167197992e-29,1.32436310266765e-30,3.38527514263121e-32,7.57312178861503e-34],[1.71084103980329e-13,6.49036272560811e-13,2.15487631199901e-12,6.26137614705867e-12,1.59225019556174e-11,3.54361797862279e-11,6.90202536545695e-11,1.1765226018539e-10,1.75516547477882e-10,2.29155312170106e-10,2.6183992037223e-10,2.6183992037223e-10,2.29155312170106e-10,1.75516547477882e-10,1.1765226018539e-10,6.90202536545699e-11,3.54361797862279e-11,1.59225019556174e-11,6.26137614705867e-12,2.15487631199901e-12,6.49036272560814e-13,1.71084103980329e-13,3.94679363804612e-14,7.96843892764966e-15,1.40797889986635e-15,2.17727413597302e-16,2.9466201187566e-17,3.49003076274403e-18,3.61766567631947e-19,3.28187225841061e-20,2.60560743826274e-21,1.81046597342297e-22,1.10094549224678e-23,5.85915972502648e-25,2.72897103529771e-26,1.11238873991858e-27,3.96833485074142e-29,1.23895093326372e-30,3.38527514263121e-32,8.09520603243722e-34,1.69416579772064e-35],[4.82062463539851e-14,1.71084103980329e-13,5.31385956208638e-13,1.44445678866027e-12,3.43631608746738e-12,7.15444130987204e-12,1.30362420170083e-11,2.07885009054684e-11,2.90126901625852e-11,3.54361797862279e-11,3.78791183317892e-11,3.54361797862279e-11,2.90126901625852e-11,2.07885009054685e-11,1.30362420170083e-11,7.15444130987204e-12,3.43631608746738e-12,1.44445678866028e-12,5.31385956208641e-13,1.71084103980329e-13,4.82062463539854e-14,1.18875139939139e-14,2.56550482399963e-15,4.84561270215602e-16,8.0097439241879e-17,1.15873101962576e-17,1.46703577306658e-18,1.62552197086305e-19,1.57630064321417e-20,1.33776346428274e-21,9.93604792966825e-23,6.45865510913183e-24,3.67421511243558e-25,1.82928399001069e-26,7.97061361681391e-28,3.03946011830288e-29,1.01436723061767e-30,2.96270248245012e-32,7.57312178861503e-34,1.69416579772064e-35,3.31688907353767e-37]],"alpha":1,"sizes":[10,100],"type":"surface"}},"layout":{"margin":{"b":40,"l":60,"t":25,"r":10},"xaxis":{"domain":[0,1]},"yaxis":{"domain":[0,1]},"hovermode":"closest","showlegend":false,"legend":{"y":0.5,"yanchor":"top"}},"source":"A","config":{"modeBarButtonsToAdd":[{"name":"Collaborate","icon":{"width":1000,"ascent":500,"descent":-50,"path":"M487 375c7-10 9-23 5-36l-79-259c-3-12-11-23-22-31-11-8-22-12-35-12l-263 0c-15 0-29 5-43 15-13 10-23 23-28 37-5 13-5 25-1 37 0 0 0 3 1 7 1 5 1 8 1 11 0 2 0 4-1 6 0 3-1 5-1 6 1 2 2 4 3 6 1 2 2 4 4 6 2 3 4 5 5 7 5 7 9 16 13 26 4 10 7 19 9 26 0 2 0 5 0 9-1 4-1 6 0 8 0 2 2 5 4 8 3 3 5 5 5 7 4 6 8 15 12 26 4 11 7 19 7 26 1 1 0 4 0 9-1 4-1 7 0 8 1 2 3 5 6 8 4 4 6 6 6 7 4 5 8 13 13 24 4 11 7 20 7 28 1 1 0 4 0 7-1 3-1 6-1 7 0 2 1 4 3 6 1 1 3 4 5 6 2 3 3 5 5 6 1 2 3 5 4 9 2 3 3 7 5 10 1 3 2 6 4 10 2 4 4 7 6 9 2 3 4 5 7 7 3 2 7 3 11 3 3 0 8 0 13-1l0-1c7 2 12 2 14 2l218 0c14 0 25-5 32-16 8-10 10-23 6-37l-79-259c-7-22-13-37-20-43-7-7-19-10-37-10l-248 0c-5 0-9-2-11-5-2-3-2-7 0-12 4-13 18-20 41-20l264 0c5 0 10 2 16 5 5 3 8 6 10 11l85 282c2 5 2 10 2 17 7-3 13-7 17-13z m-304 0c-1-3-1-5 0-7 1-1 3-2 6-2l174 0c2 0 4 1 7 2 2 2 4 4 5 7l6 18c0 3 0 5-1 7-1 1-3 2-6 2l-173 0c-3 0-5-1-8-2-2-2-4-4-4-7z m-24-73c-1-3-1-5 0-7 2-2 3-2 6-2l174 0c2 0 5 0 7 2 3 2 4 4 5 7l6 18c1 2 0 5-1 6-1 2-3 3-5 3l-174 0c-3 0-5-1-7-3-3-1-4-4-5-6z"},"click":"function(gd) { \n        // is this being viewed in RStudio?\n        if (location.search == '?viewer_pane=1') {\n          alert('To learn about plotly for collaboration, visit:\\n https://cpsievert.github.io/plotly_book/plot-ly-for-collaboration.html');\n        } else {\n          window.open('https://cpsievert.github.io/plotly_book/plot-ly-for-collaboration.html', '_blank');\n        }\n      }"}],"cloud":false},"data":[{"colorbar":{"title":"","ticklen":2,"len":0.5,"y":1,"lenmode":"fraction","yanchor":"top"},"colorscale":[["0","rgba(68,1,84,1)"],["2.21527281993284e-24","rgba(68,1,84,1)"],["2.41681389453704e-19","rgba(68,1,84,1)"],["1.45454744988742e-16","rgba(68,1,84,1)"],["2.63669077154877e-14","rgba(68,1,84,1)"],["2.14760753743551e-12","rgba(68,1,84,1)"],["2.89148252860268e-11","rgba(68,1,84,1)"],["2.6095668854017e-10","rgba(68,1,84,1)"],["1.29252693970224e-09","rgba(68,1,84,1)"],["3.7556667659383e-09","rgba(68,1,84,1)"],["1.2469252785751e-08","rgba(68,1,84,1)"],["7.05695797757436e-08","rgba(68,1,84,1)"],["2.34299256043854e-07","rgba(68,1,84,1)"],["5.21442583840934e-07","rgba(68,1,84,1)"],["2.5827220252245e-06","rgba(68,1,84,1)"],["1.04734542710594e-05","rgba(68,1,84,1)"],["3.04324830084037e-05","rgba(68,1,84,1)"],["0.000141011844627114","rgba(68,1,84,1)"],["0.000571831227656577","rgba(68,1,84,1)"],["0.0015543984350843","rgba(68,2,84,1)"],["0.00630339648241728","rgba(68,4,86,1)"],["0.0223707718561656","rgba(69,11,91,1)"],["0.0742735782143339","rgba(71,29,108,1)"],["0.281769289094958","rgba(57,90,140,1)"],["1","rgba(253,231,37,1)"]],"showscale":true,"x":[-20,-19,-18,-17,-16,-15,-14,-13,-12,-11,-10,-9,-8,-7,-6,-5,-4,-3,-2,-1,0,1,2,3,4,5,6,7,8,9,10,11,12,13,14,15,16,17,18,19,20],"y":[-20,-19,-18,-17,-16,-15,-14,-13,-12,-11,-10,-9,-8,-7,-6,-5,-4,-3,-2,-1,0,1,2,3,4,5,6,7,8,9,10,11,12,13,14,15,16,17,18,19,20],"z":[[3.31688907353767e-37,1.69416579772064e-35,7.57312178861503e-34,2.96270248245012e-32,1.01436723061767e-30,3.03946011830288e-29,7.97061361681391e-28,1.82928399001069e-26,3.67421511243558e-25,6.45865510913183e-24,9.93604792966825e-23,1.33776346428274e-21,1.57630064321417e-20,1.62552197086305e-19,1.46703577306658e-18,1.15873101962576e-17,8.0097439241879e-17,4.84561270215602e-16,2.56550482399963e-15,1.18875139939139e-14,4.82062463539854e-14,1.71084103980329e-13,5.31385956208641e-13,1.44445678866028e-12,3.43631608746738e-12,7.15444130987204e-12,1.30362420170083e-11,2.07885009054685e-11,2.90126901625